[W]
point = 28.06800000000015
totalpoint = 2643.827999999999

[R]
point = 195.98499999999996
totalpoint = 1451.8749999999995

