[W]
point = 358.5
totalpoint = 532.0

[R]
point = 121.50700000000003
totalpoint = 589.0060000000003

