[W]
point = 188.93400000000014
totalpoint = 2804.693999999999
nowpt = 0
executedtime = 1

[R]
point = 215.85099999999994
totalpoint = 1471.741
nowpt = 10
executedtime = 0

