[W]
point = 131.99999999999977
totalpoint = 1740.6000000000008

[R]
point = 293.89799999999997
totalpoint = 913.718

